454
443
659
2729
4797
2322
1776
1144
2552
2946
4194
4907
4119
836
5235
1513
104
2515
572
726
702
4579
7106
653
152
456
4947
3234
1078
33419
2592
3581
3084
76
5471
2310
4662
2492
9387
946
3367
9115
716
846
3213
6868
1058
7771
968
776
5716
4451
3572
157
1770
2705
2439
13164
4471
4658
1939
228
8075
4645
48086
6480
3163
4133
3992
3961
515
3046
3602
3924
820
2736
2773
2784
574
5167
4369
2724
3942
197
9741
6240
1515
4170
4176
6468
5626
6591
1478
3032
2505
2169
3465
2701
1703
2217
3550
4613
3190
630
2893
5301
1639
2481
2618
6559
4944
2111
2973
6293
244
470
2718
673
3635
1100
513
347
6202
935
3282
1783
2242
3297
4618
4846
382
3167
8680
6716
2118
2834
1722
637
1973
3760
4755
4828
277
35156
3443
2730
5529
1653
3794
4201
6265
1730
3681
5110
18688
4599
385
965
130
1650
1270
4005
1384
5143
3121
3123
1705
1596
1070
1947
6259
17455
4437
208
1454
1727
610
5742
7964
2994
411
11566
3083
6017
4981
2506
1444
7226
4450
2591
3687
6953
3458
2522
955
771
870
8499
2575
16601
4493
1119
3105
10436
4650
2049
3710
463
2953
1713
3258
2516
2091
2460
5765
1067
5066
2043
2614
4290
1630
246
2247
48
9594
64
993
2436
5043
1914
4064
1110
4443
3029
1959
3404
1780
4070
792
486
1200
3671
4274
2726
2315
3712
677
2579
930
6303
2616
134
217
3921
3273
80
6906
2398
9285
1288
122
1129
2365
1918
2582
1498
3768
723
2105
1540
370
944
6278
3904
13996
7164
606
3407
959
2373
962
2052
4562
187
1800
83
2131
495
5204
569
6145
3093
4386
2682
235
683
7101
2932
4803
1272
64141
9164
1700
2831
2952
3335
2114
8794
2972
5678
3495
7210
4185
4819
379
6540
5816
3391
6309
3847
5567
554
4026
267
1903
5074
5889
496
1560
5774
715
442
511
4550
1545
961
146
7277
3914
9439
1721
6361
6059
11160
8369
997
7491
5897
3740
3978
7442
2089
704
3947
404
3869
1609
8345
1019
2343
7314
2672
10523
3917
5823
8484
868
1251
5256
5551
6618
2527
4006
6839
6438
6041
3365
1419
492
7037
1024
4651
733
2332
1622
2050
2710
1662
766
4380
2844
2084
9112
4204
318
40
2625
8154
19652
7622
2340
3502
59
1120
6254
828
214
5833
140
4852
1213
5585
1979
3926
2431
17383
1302
8201
12829
6654
2036
2302
1209
858
4181
2903
6330
2311
12680
5080
915
38
4067
5162
2877
1638
88
4895
1606
9631
4018
1891
3401
3417
5336
4831
2179
2988
4020
2713
2681
2959
2011
6237
5593
2837
35
1660
2240
4278
1967
6078
5273
6524
738
3811
8457
829
3696
7881
3012
8253
4554
42
5283
2993
1987
919
2539
2170
5576
6900
2292
2479
3788
2190
5951
5807
11408
561
1663
3643
1983
4416
3484
646
188
17671
90
3176
3560
6483
8530
2473
8091
7342
2346
34755
5063
238
8390
2789
2304
3259
3287
529
4126
1544
2671
735
1798
3143
3743
816
5989
2314
3372
4151
9713
5858
2063
3034
13353
3666
6037
2299
2822
1919
4501
3065
6714
1196
4902
5405
2501
10448
2615
1687
2442
1788
731
6543
3855
5389
1395
2716
2936
1501
9554
12223
6647
68
3161
7222
3315
2523
3025
4239
1162
264
3426
3468
4921
5660
2349
722
2653
8799
3449
2294
1342
2017
2450
2297
5397
58
2712
718
2611
3620
2377
5621
2023
5841
2090
2068
5874
3883
2080
1099
373
3144
1962
2448
2524
81
481
56
2199
956
1991
775
9504
7459
4558
751
6077
2202
3731
5486
2161
425
1253
2468
4112
2119
2461
1496
6892
1460
3099
12
2435
8740
612
1686
1175
1562
9651
4228
5730
7007
2318
1636
4689
1664
1469
376
1354
7250
6161
3877
4661
3326
5176
457
2280
1065
593
1807
3005
2188
2914
5880
503
4788
18013
4938
6769
831
3066
2168
4953
791
5340
3439
490
3638
4285
2757
5156
3103
1695
4866
636
7397
2881
826
3444
7223
1245
3528
901
3515
5006
7230
3227
1685
2733
2756
5055
6298
1287
1926
6097
2962
6536
1475
819
687
2324
3139
2301
934
2557
1576
3430
55473
4445
1741
4098
5113
3448
3469
2708
1148
2234
5709
2647
7860
240
371
1569
2943
596
7474
57817
3725
4364
7416
3841
4980
1002
1526
5385
4058
5876
3567
3706
1944
1907
1457
7461
1285
3060
5994
2009
5025
1191
5253
5960
4553
2037
1538
1997
5222
7304
1643
1135
2201
1954
4090
4321
3293
4539
798
8633
1837
10867
363
1567
1459
2776
824
1816
348
99
4249
5775
848
1731
1542
2154
2812
5469
3420
7261
2067
9208
1924
1674
2748
3748
547
5931
795
1203
5007
2781
2163
5345
5060
586
192
2164
5744
4713
2863
3966
7387
389
818
4130
4193
1140
129
3342
3717
3196
2078
3286
1889
5318
1585
971
5378
3920
410
8137
4007
5056
1761
5165
4297
3252
1236
3547
1488
2496
3933
8292
4
1484
1094
5886
730
5468
6456
4351
2750
1781
1509
1910
3936
1068
980
2253
1066
3410
1866
1238
3215
3419
1683
1961
6276
4347
9959
4197
8739
7302
3784
1290
2570
4982
1621
3022
815
5901
1974
3590
1155
3928
3264
2186
282
2098
1868
225
3028
3838
6000
5596
563
662
689
1363
5557
5883
3488
2746
4913
4143
4141
1277
5287
23738
2678
3994
287
1053
4392
4608
4635
3302
2348
5092
10199
1539
2482
6910
3757
4817
849
3257
1054
2634
4139
5662
4412
186
4188
645
2699
250
1150
2876
13908
1012
986
1551
581
334
1610
4505
6003
10552
4772
2937
3987
1692
5670
118
904
309
6649
3589
1176
2239
8548
2351
3624
1495
1347
4726
10907
12489
4031
440
3604
1406
4745
2872
7780
4835
4486
2260
6124
5398
847
4304
2627
784
1943
202
464
2086
8500
6096
5032
2584
6623
5958
5654
2802
4583
1634
3296
2313
5686
4066
1646
4318
1757
1042
2787
4105
1182
4358
1753
4089
3104
1315
6015
5277
976
5105
7850
2827
2183
2102
2225
967
5149
4436
5909
1341
565
3778
8483
421
242
3129
2626
6633
405
103
4839
2517
4555
823
1232
3965
5839
1481
6399
6344
2977
2472
4877
6060
3491
6465
6348
5342
2491
542
4074
4311
4051
2698
233
7040
4245
339
622
2024
3446
1301
3802
4785
1497
882
2259
161
3119
2350
1950
8903
1258
1941
441
3861
3044
3054
3233
5077
2072
2620
4790
1271
3457
3477
3722
774
3202
11438
4410
377
7989
110
247
2608
138
499
273
4845
2392
4221
744
525
2132
1171
4049
4431
3329
5106
4029
853
119
1810
13852
674
5365
3102
2848
5112
12954
802
2569
1992
3793
3130
3136
4680
32
1364
5103
2333
4032
1132
1133
1623
999
3655
3254
51
2845
4912
5208
3875
3822
974
7553
383
3881
6436
3294
6516
3617
3988
2838
9580
3164
3291
325
45386
2334
12191
1076
684
553
5777
2643
3906
6949
2765
1263
7779
8016
3970
1371
8677
2888
5767
3830
4042
5908
2287
7683
356
1098
3371
1389
3459
3074
804
4759
120
5794
2254
1578
3679
3758
1047
1453
8691
523
557
5941
1812
3536
13536
2447
304
422
4059
6896
5620
2016
3668
3186
4610
878
2555
1864
358
2281
4567
1449
1231
5758
8449
3343
5407
5370
6391
1147
2851
3754
3606
25186
4279
7797
1157
6327
3124
10362
3871
1908
1949
3945
1794
3055
2830
1535
1906
2680
943
4879
3759
3078
1847
5950
910
2739
346
929
7386
6952
6388
4017
1074
7193
4525
3092
1603
2925
3437
1075
6641
4476
1476
7408
9054
194
3272
2871
3554
1092
2951
1407
1127
11360
317
6098
93
3582
8672
3694
4191
315
2140
1348
3702
2996
1115
3441
335
658
16845
8187
1382
14072
4519
1511
3909
873
5097
540
5079
2065
8061
4177
2062
2006
2998
1326
4711
5754
1999
6054
1057
3039
2150
578
173
4453
2354
996
2911
20950
11470
4083
570
4496
5229
378
1564
3384
2602
2137
903
2008
5291
6599
5089
1986
4606
786
3709
3082
1220
3207
1726
33
655
632
524
736
7053
3479
4027
4413
5170
4875
2250
5026
872
3267
2774
2396
237
1716
1172
19563
1212
2424
3649
3840
3496
7381
15902
3969
3820
5021
6214
850
1720
668
4911
983
5542
4628
4402
2275
1963
4200
5040
1167
3331
1051
869
55
469
6336
3726
4233
5102
3665
446
3625
5583
1314
4611
2203
1405
2941
1306
2066
2797
3747
2160
448
1591
6308
732
12289
6807
577
1010
2894
484
764
5538
2486
951
11916
3189
1085
2393
1425
1030
2536
5954
1151
3870
4974
2915
4028
3077
539
3453
321
294
1657
113
6739
3398
8220
2427
4815
2108
2248
5039
1834
5373
9013
1707
2133
1422
1266
1435
973
3902
5544
1180
107
2868
2097
762
3892
4529
7953
9274
4657
295
4308
4325
8
7105
2258
995
2256
6347
1060
1836
2144
400
1989
3351
6795
3402
6418
7865
3935
2221
487
4432
4641
6396
1049
6207
2238
3206
2312
3510
886
979
2752
5515
165
1990
3344
3959
2755
1486
4465
3814
927
3225
3545
2847
8774
2222
1600
2677
1831
5949
2835
2284
3153
1953
1966
2846
1431
6358
2770
5416
670
2883
7500
2686
2954
752
2229
5992
526
2193
1350
46014
3564
7632
6585
3781
769
4164
1652
2801
2565
5769
6533
1181
5702
5530
10716
433
1615
5826
3058
588
3312
3352
1456
1503
2944
1644
5399
5963
3033
4564
2859
8473
3555
3172
4678
4833
3713
260
1611
5485
3587
1286
2440
2262
147
2949
2568
2572
706
3069
4747
18040
3996
3837
438
977
3359
6027
2619
11847
10380
4368
5212
1480
53157
991
5251
3304
1436
519
5968
2485
710
1901
11009
2793
1706
1143
8550
10667
1958
3912
2488
7911
7140
3938
2986
9983
9646
5797
1108
1014
289
1777
3971
1998
556
5987
3361
4419
4418
284
3431
41250
3775
3739
6008
989
458
15242
2296
3275
2235
2418
3889
8700
5029
11144
6469
3979
10651
5871
3501
2928
3658
3283
6992
1821
1353
2799
2306
2005
461
779
5121
1383
452
940
1579
3508
2138
4914
4683
2264
5192
1502
12671
2873
4008
17581
607
2143
3817
1020
1237
3271
4202
2345
1572
5364
4045
1832
1912
163
2127
660
5261
1186
897
9297
860
13196
2632
364
2151
3179
5479
1549
7031
29
656
327
3362
6374
2425
5884
3238
4703
6502
3450
3749
2341
7290
3672
1911
1909
4137
8630
3322
7279
9438
1429
3019
24190
12221
832
417
2979
1768
63
3941
6579
4462
1651
7399
249
1532
584
1671
2459
724
953
6393
2155
4425
2056
7768
2126
4411
5750
498
6956
1748
4593
4771
1114
444
1599
9335
3573
2640
6753
720
3698
3210
3010
2779
2004
28
4247
3559
2323
7077
6487
1880
77
2760
3245
396
5563
493
2783
3882
6026
2576
5387
532
4275
2533
4224
266
5069
2449
1169
22598
2038
6717
576
7560
4540
1333
2749
3295
843
2055
3552
1467
1718
3750
4779
4620
2387
5528
394
2370
3514
5887
854
20297
4102
2012
45
1877
5344
3639
7197
688
4909
937
2018
2563
6801
4491
1351
2648
4872
1691
4767
3276
7048
1139
763
1159
10022
123
2081
4748
2745
2417
2185
9397
2917
591
5815
4461
2531
9463
4603
5733
2804
4294
3503
14021
3310
2282
3537
9380
94
881
3348
1433
4791
6189
2249
2232
2206
3050
3220
5202
3169
1189
922
12352
7201
4795
747
810
2509
628
2336
2116
11488
3641
1426
5242
4494
3080
3952
3483
3637
5005
3038
3520
1862
4422
4801
4559
6589
717
4011
403
1274
2002
204
3615
2966
4690
4892
2266
261
1104
6095
2082
5180
1925
2200
1190
502
5547
218
6705
4936
269
4362
3423
2766
1795
4632
3006
933
1388
4305
3584
509
2865
4718
6029
2514
2927
10332
5284
2321
1937
821
5895
248
5747
3524
3068
8359
1154
5508
1915
3205
5842
2129
3394
489
7090
624
1754
7822
6558
3828
3151
4077
695
2807
3530
507
3008
3126
2530
3265
4124
1142
2470
6345
3262
3009
87
4588
6756
3563
3188
2605
4103
2601
1450
3569
4723
5997
1978
2458
6723
1785
5642
1184
913
4175
790
65
1278
5735
121
3765
360
2300
1211
2788
1995
2180
2367
6521
58189
1005
5034
1830
3332
4303
2227
10587
5436
7347
4542
9204
2198
3647
6228
2737
1398
3497
3492
2272
1490
1255
1464
1952
4841
1275
7978
1118
1582
6081
5163
5108
1126
2707
3769
7544
3646
2685
4644
428
375
213
1940
1616
236
1773
1465
5254
939
1888
7047
2219
1778
7767
2223
4044
5118
4355
801
86
4100
2721
3923
92
3539
392
102
3903
2510
2149
3140
629
4148
2107
7409
5981
8560
162
1168
406
149
1116
4743
2689
3224
4724
857
644
2060
415
719
13595
2194
5198
6590
1935
1948
3125
3922
5426
1474
10609
5269
1146
1960
3719
14943
1784
530
2906
1017
13403
620
3387
1
2673
11159
3742
11434
7417
3231
4735
1855
6441
1239
3526
772
796
2422
4448
9269
3241
8276
5906
5182
2910
1842
5531
8670
4084
3631
8736
6208
36262
3474
4025
675
5920
23016
4184
4395
5546
780
2462
430
6064
1956
605
2832
3910
3003
3399
1080
1499
2335
3127
10736
1111
3993
2908
7927
171
4908
7052
573
3319
1267
8266
5150
10269
3944
2408
7492
5038
830
1250
5305
3791
390
3544
4636
2545
6217
2544
4497
1028
1261
7826
4601
243
1945
1648
4503
1152
1324
4684
5703
3800
6023
7696
615
667
691
5467
6527
3174
603
641
5219
3972
5712
3613
1170
4012
3580
418
2400
4196
18018
423
1500
4073
1688
3487
10225
4600
1470
6748
3980
7034
1512
1112
21
57
5322
4048
3846
6340
2328
4775
874
3601
2735
2410
5477
4242
1472
3122
534
4226
3507
1970
3346
36
3852
4442
899
842
3522
5896
6901
1894
10835
2929
3462
398
5890
1626
2480
1412
301
2489
4848
6983
2525
2309
4237
4298
41
302
4327
7677
1977
2976
522
6651
1828
11759
2421
5578
1676
3047
4183
9088
727
1882
1452
3473
4024
205
921
3644
3325
414
1801
2027
893
472
3998
6943
6802
1013
5072
6433
2073
7213
614
1678
3451
1934
867
2246
11725
2034
2208
386
3292
445
2166
4933
6925
3662
914
892
5293
13945
941
551
3627
4876
245
5685
2622
916
11
2159
4115
1391
2785
3827
1192
191
834
3318
543
409
7470
1224
809
4534
1483
4584
4439
67
6544
1158
5252
1402
839
14244
7067
255
5460
664
142
3516
3109
1228
5401
5652
2947
1808
1423
1218
3872
1841
1021
2763
3045
725
898
4291
2583
2984
1268
2983
2795
2654
4739
6421
9006
3456
1113
2512
2205
4236
2665
1138
3243
20664
3079
1164
5250
8036
3674
3204
6897
3177
6778
2010
4853
3440
434
10135
449
3761
2283
1123
3279
4594
1820
3953
7977
516
3358
3209
906
4994
2630
4346
3885
6414
4752
1448
2761
2405
4256
4287
114
223
1161
182
144
3736
9376
50
4334
7777
23707
4685
3693
5119
1007
12942
3090
2308
313
4424
2768
2792
3753
2920
2637
4860
3478
4666
4438
6071
3195
349
4104
5736
3721
3656
2878
2125
1640
10863
4338
2886
5276
10262
7876
4289
1890
3690
3339
4155
5474
1536
2543
3043
701
6272
3460
5419
1860
1631
1387
2212
4349
1975
2411
1553
2661
8962
2696
2595
1124
13238
47
4270
328
1009
633
4822
8945
948
1307
6390
1043
618
4581
293
1619
580
16801
158
2942
6320
1728
10084
602
3762
3805
4566
4710
6152
2236
3669
1870
4288
3896
1869
7369
4300
6969
7965
2780
2679
3096
1930
5720
7316
4783
14611
4721
2184
2181
4267
4015
5852
7999
1345
1379
1897
7451
2122
8185
2079
2241
5978
1923
57930
1031
4928
6522
4265
4472
1493
3833
6428
2624
1356
13456
5854
1690
4360
4715
5635
9435
2178
7497
4063
1025
424
861
1504
1319
621
3932
4707
6114
491
1547
216
175
4344
1473
2521
2087
384
5400
692
1420
2261
1206
960
680
1865
1861
1878
4945
4101
4088
1709
4260
2771
4142
1633
4356
1312
262
1455
8493
211
3667
2445
2452
439
23927
661
3541
1642
5427
1772
2870
292
838
3075
9436
3486
5734
3237
3780
4941
3908
3428
1289
3494
299
3360
6513
5762
6554
2001
1756
3857
1427
3168
1762
1522
320
538
3128
19227
7350
5161
2864
549
2230
4904
13284
4900
1332
2520
1805
1409
11403
4906
10482
2271
2487
616
5404
1256
678
5433
2020
2564
1669
1082
4965
15790
2975
852
172
567
4313
4556
5459
5673
2344
7242
2597
1225
3542
2550
3973
1062
5671
7960
230
1403
1675
3380
2590
3499
3482
190
1822
3111
817
9101
1273
1226
4470
3021
1029
3512
2270
508
4328
3185
4019
5003
2884
3570
3246
3732
1682
2528
5035
2092
6411
22689
1920
3308
1629
2593
1850
728
1510
1697
755
9251
1879
2109
2441
2704
5002
106
2945
6631
2660
3825
5504
1291
2529
2502
1145
8097
2933
5511
631
6918
1265
37
11933
12747
2031
19788
681
1375
475
2498
3447
1035
2117
6924
5368
2818
2255
1996
2786
4642
8370
4211
2286
2474
7980
568
1090
1179
2339
338
1088
2628
6721
7354
1571
1811
3796
419
975
611
1896
3801
2135
3804
696
3345
3235
2829
2922
9867
4299
559
4160
3724
1900
2104
2939
7327
1968
4829
2898
891
2064
3864
4744
5183
7499
1758
179
5088
4094
12014
10158
2869
2581
2534
6668
2355
743
201
1414
4357
14328
1369
3223
64555
7
303
5676
3363
1254
5443
1715
639
5819
3301
1507
11203
1283
2142
1607
4178
8574
4034
2101
4404
3278
3015
3886
3137
3464
1856
3357
4586
3376
2715
3676
9354
2428
4905
7139
6586
229
5052
2631
3467
4022
2904
2809
6501
4125
851
3943
7118
6991
3957
3660
1305
3131
8461
159
7285
2609
2070
2094
4210
545
6406
2800
4590
5259
7216
1430
3334
3688
2816
1568
4901
3772
6496
5295
4592
4563
6779
952
987
1980
8435
2840
3193
1229
7848
5793
1337
6314
408
2913
2215
5512
3612
4843
2268
2782
1854
3024
5525
2196
189
2688
3086
840
305
2957
1625
5075
3531
4179
2751
341
8501
10951
1352
3854
3984
7234
6261
2989
3059
4409
4952
2720
2734
3549
1201
252
2124
167
27
3863
4609
797
1981
357
1767
5752
4329
4363
18257
3432
4537
2573
1759
6708
1340
2668
12020
1394
2805
7450
2930
11235
329
215
617
1563
1018
4691
4428
6697
2728
3037
1494
714
18347
2395
1385
3680
5406
3752
825
1598
2854
4850
1026
592
2120
7650
91
1972
1835
1310
2451
4565
7882
3418
1557
1073
2162
1814
2874
2606
1857
4389
2224
96
2019
1846
4252
3734
5786
432
1699
6700
1586
2990
5362
5779
27866
1331
2295
969
1982
18003
435
166
3623
1736
1434
966
6286
2003
1038
5408
6730
2639
1303
1613
4423
6212
3229
676
53
3035
1173
2022
6472
3041
3392
2794
427
3244
729
3733
412
7035
4937
1416
3076
1617
6368
888
2649
3087
1241
331
822
5520
2412
3338
4342
2352
12234
1647
5263
2731
4648
1595
2842
8358
1260
1095
3218
1993
4113
4040
5286
4253
5148
5205
3699
2828
4336
1604
5911
5018
2858
5444
1796
2646
16319
5599
17
7967
590
79
4106
460
2825
2477
761
3436
6667
5244
1368
2146
3808
1428
4883
5380
2100
101
4004
5944
3378
258
2099
505
5329
3412
548
4482
6158
2376
3180
638
1086
2723
3242
8102
841
5982
1806
4122
748
3816
1083
3621
1833
2912
9268
4646
4734
145
1242
1605
98
3832
3253
2245
11581
7573
5353
2662
1927
5446
1003
7863
8232
1102
2955
806
3415
4587
6689
109
1461
3691
1349
239
34723
1178
4240
5495
1202
803
4286
314
918
2115
3051
2610
4223
3000
2467
133
5371
3893
2032
1249
11568
650
8786
512
1360
3030
3116
16163
3101
5175
2902
6425
2738
5109
1710
845
1141
2347
1590
2054
2551
3070
1593
1635
46
3170
5172
3316
3303
1372
1654
1050
362
2278
4706
1627
7554
4361
985
234
4257
135
994
1739
3836
1327
3686
1922
7664
1530
1440
4607
1247
176
3036
4282
5442
3874
920
391
326
4244
1677
889
1365
3313
2252
429
7236
4637
1233
587
7657
4225
3042
4629
859
4456
6800
8936
6068
1749
6159
1344
8186
2857
1902
4499
635
2383
3985
2644
1684
3263
3701
27394
4955
1702
1528
4061
4272
5
4978
112
3214
4578
595
1964
1742
1381
2790
1886
2931
908
1000
1917
2549
671
866
4280
1556
1988
333
1898
3517
2909
9125
2413
4818
778
3368
2173
2518
3463
5700
6961
7681
1034
11909
757
4571
6300
3112
3239
1747
5643
3948
4403
877
4622
3697
3518
397
2762
2571
124
3255
4408
2892
1355
807
1516
3727
713
2368
324
24436
3480
1597
3064
2030
1408
1618
1069
4821
2853
2437
2815
5094
2048
1482
3807
7495
5984
5919
9605
7859
8869
221
2961
5145
1477
69
127
2890
9487
4458
1523
1149
8072
1845
4060
1786
609
82
5125
1234
2021
643
1316
3208
6731
281
3594
4375
3062
2446
2388
131
679
2693
268
3715
3452
1790
963
4774
3577
2519
2702
353
1543
657
3790
4050
3720
6175
2538
3618
2623
5441
2924
6063
7773
25
2836
7152
6091
613
6009
3561
20835
3300
3191
11906
4640
7317
1719
2490
3866
5494
8231
199
34
4627
4054
5870
1376
3878
3049
286
598
740
6065
988
276
3764
8280
4541
4216
2642
4884
10
1366
416
3489
2338
14434
5351
1313
856
210
6115
1541
169
3934
402
3120
3406
3918
2826
5853
5851
3787
1243
2970
3916
2711
734
139
3663
936
1744
2356
2600
3786
7488
3216
4656
3393
3789
5707
467
924
4823
1840
6999
2651
3975
1193
4335
4254
1097
2085
1883
257
6109
2690
1323
3931
3269
10121
4227
3289
4370
1904
1994
2045
4388
2992
2152
6011
6051
537
2589
7014
3982
2456
170
3324
2317
2819
5014
13401
2307
500
623
6090
2636
2390
3756
1215
2963
7331
5249
5849
1844
4055
2882
44
5061
224
7764
2216
1711
14
5550
1936
1230
3645
1602
2560
4502
2182
4154
1336
108
2743
1046
5257
115
4942
2290
5811
323
2148
5601
1867
562
4121
319
1320
2359
2633
126
2667
3142
686
66
649
4786
2455
2414
1787
2948
2353
4985
2866
4931
5140
274
2454
707
2047
3091
5299
1717
466
137
1441
640
3648
1637
100
4207
1655
7830
6674
794
369
154
6410
4341
1335
1295
2719
3887
4890
365
19165
1361
2366
5586
3198
1514
5595
2717
227
3891
3664
5873
1985
1443
4000
1884
3400
2895
7912
1942
1769
2535
296
5609
1661
652
2960
2919
4463
1252
4180
4964
4234
3466
2513
1059
9312
1055
3134
2077
6290
1874
2293
2656
8722
3166
5773
3017
1601
5788
6471
1827
1863
4147
4709
651
272
285
981
506
2940
3181
1404
6818
739
4359
280
1899
4573
2494
4373
3990
2603
654
436
2808
2958
3951
1160
4597
7635
340
310
72
2867
1122
8766
2508
3682
4804
2432
1084
1672
1447
1793
2559
8209
3192
3783
984
343
8256
5695
4319
2088
4266
5664
5513
2841
844
3183
2426
3106
4261
1588
566
4259
1751
3353
3472
7215
3375
6266
1492
2791
1732
5801
22
1309
3281
4478
4990
2394
3212
1802
4515
9273
5534
814
900
2923
11309
6799
4507
1771
3020
2276
2758
4444
6067
3842
1928
3553
8626
4037
4366
4722
3356
8906
355
1628
1797
2404
2604
2507
3556
5173
2657
5335
5913
4869
693
2684
3071
5715
6155
480
2896
5649
2147
1565
1432
1177
3588
3532
3949
759
3187
1411
288
5240
1871
2058
2337
344
510
2885
5731
6520
4643
1881
1415
1282
1561
2497
2175
4881
2041
1134
212
6413
742
2675
306
3745
521
2810
3989
4647
4127
3523
8202
6378
1614
9690
8216
833
24910
5243
3657
3118
4894
4117
5891
6376
2112
367
4580
2074
1296
219
1386
3899
4374
3461
909
1679
2548
1367
1328
2777
777
5988
2007
1734
5650
11633
5123
1681
4480
3048
116
1969
5741
8788
308
2103
5634
4716
3184
1397
1656
2139
1195
6923
5341
4262
2380
5672
6174
4487
3031
2875
789
5569
3527
3013
1965
5234
1932
1506
5268
497
2204
6147
2397
3636
4309
1508
180
5071
14521
374
2652
4093
84
4763
195
2503
6602
1641
1199
3901
10661
1156
150
1916
811
3162
8054
4857
3333
2057
4159
279
1262
9772
3956
4401
2363
5020
1779
4569
6166
3366
799
1929
1851
141
5178
4681
3915
1339
2265
3414
1696
2033
1725
1957
3929
2714
3735
337
2220
2434
387
2279
5516
619
3150
4625
5403
1008
1817
1298
11300
7552
3133
1534
1325
884
4915
3364
773
4859
9165
2562
4619
5953
7404
8741
97
3873
1574
14683
431
520
73
1188
3675
1392
7608
7154
8082
665
1374
864
3744
1040
4182
558
8784
3256
5863
128
290
3117
1740
311
2329
902
3651
4333
4315
5868
16651
3422
6627
7944
1893
2466
8970
2420
283
10655
2612
2167
5669
2997
450
7178
4526
4820
905
837
476
3766
1763
4433
3937
2209
12211
151
1131
1813
1525
1445
2123
2621
6742
1659
102118
3626
2764
2778
883
1505
4169
6617
6898
125
1294
5236
1632
2362
4532
6947
6745
4720
3964
9070
259
5759
3718
401
4189
3856
2938
4997
4014
2342
6343
2319
4492
4697
26
3968
2641
350
1463
5509
4421
2629
6665
4996
2189
4085
4218
5122
5047
2156
3421
8379
2900
3250
7535
4099
4576
3493
4679
4837
978
474
3890
3579
7023
2438
4809
1396
6211
2371
2999
3630
3327
2386
2095
712
601
7804
1558
2145
2483
2617
3107
2897
4440
153
368
3879
156
1829
2172
7670
5610
2683
6646
5369
7990
437
3815
7452
4674
3689
4295
3110
24
6491
136
2053
917
2561
3634
1738
3442
2381
1052
5104
3470
1895
3884
754
2399
7849
17928
7733
589
2195
2754
2382
1485
3248
4570
3798
336
7786
3085
1524
4802
2658
2553
2305
1666
2465
5361
2389
7837
1417
1824
7018
2772
10757
3519
3373
3236
1575
1668
3845
9649
3026
2598
3011
478
2211
4120
970
3217
2817
982
1011
2197
1311
4250
3543
4756
5737
1765
5566
105
4963
1468
1338
4671
3114
2744
207
4528
4760
3605
7740
880
4522
2861
1096
3862
3782
6831
2663
2540
2638
9193
7866
15373
14723
3955
1971
1555
2664
3232
5974
8946
2046
1527
3511
14886
1546
5195
4765
3685
3
4702
209
298
3247
3197
2361
2674
1839
1984
351
1848
597
10674
1843
912
3395
4477
4023
447
2666
1489
2987
7898
964
2811
5618
5343
3135
10261
2106
2251
3534
1378
5717
2495
47389
8417
9
1269
3251
3575
4832
10656
1583
2586
1292
9282
947
2980
4324
2607
3277
3389
5625
4864
3592
1153
4161
3165
8048
3981
2226
1081
5885
4762
4652
546
4075
3585
9429
2580
2325
5001
1723
2742
3132
5227
9482
5916
998
2697
5554
894
5392
4614
4030
3708
2588
278
6168
1214
1517
253
2594
6177
5126
895
5681
5473
2158
2110
7377
4367
3958
4312
62
11130
8172
2416
14119
2274
7639
6232
1745
1027
14118
312
3156
6662
690
585
1905
5632
925
19
1257
3661
9050
1859
1033
3240
12588
2879
1921
890
3307
2849
5042
322
501
6941
6287
3525
14235
2706
471
8926
700
3839
1299
5597
4123
3850
256
18112
3098
1077
4838
6677
1293
2824
4268
2071
241
1712
2887
2289
2453
3337
4929
6713
2237
3607
4131
3435
3629
4518
2645
3506
1401
642
3268
698
2429
5882
7204
1620
4733
3826
875
9348
1359
2918
1101
1023
78455
271
3350
7524
5448
1521
17108
1072
7606
4617
8645
5028
11321
4400
4144
6
8681
10296
887
885
6626
7679
4009
2285
5422
20
1079
5834
4235
3381
711
863
2187
3490
11991
4323
2213
879
1782
1322
1330
3911
10637
2331
43
174
5638
6758
5333
15
6727
4993
14978
1701
2655
1645
1071
2191
6319
2233
2542
4530
1037
2907
518
907
3274
6940
1373
2174
1760
1815
6283
10585
3148
488
60
8480
5155
5490
220
21155
5127
70
1109
4459
6434
3388
1205
73646
4264
5592
2269
3317
7241
361
1649
5492
2014
10155
808
3424
8738
4396
5013
2478
3211
1471
544
5961
3149
4520
1573
3730
455
32461
316
6825
1875
2000
3377
2
2028
3178
2457
4972
3203
2574
477
4479
5722
25092
2725
2083
2889
1764
2747
9045
6882
3593
4561
1235
2214
1438
4145
1552
2402
1437
1103
2596
648
3323
1439
3806
85
3576
4989
517
1577
2727
4002
685
366
3704
1887
3773
1424
3073
4655
11097
5579
2273
3746
10265
2971
3138
2901
1548
4435
6073
2577
8293
3930
11417
1056
2029
3475
4495
18
354
6206
1714
541
71
2096
1163
6780
6191
6267
2121
931
2401
531
16211
4489
2921
5390
352
5337
1442
3792
426
380
2372
8133
1680
862
1107
5391
2364
1931
1743
10635
1198
8884
2134
1735
5207
3298
330
395
6621
479
4481
1418
5746
737
800
381
3485
758
1933
2862
111
1819
8562
1217
6323
2670
5573
5213
3001
3027
5330
6732
2968
178
5267
1791
871
4695
865
2303
1087
855
1091
709
6231
3900
7748
4694
4469
5218
4140
911
117
1183
1421
5303
300
1737
5260
1222
1248
1399
6663
270
3538
5031
2218
3016
4378
2950
2475
12688
3405
31
203
1121
8828
4158
332
198
465
3160
5262
291
812
4536
5226
8406
4962
2113
2905
6755
407
3416
36114
6939
4740
1823
2740
3500
8942
3598
7061
2843
4488
1174
1858
663
1550
2484
5627
3341
2358
783
945
1789
7986
3385
5036
8918
8656
6225
1746
923
3999
1752
5142
3835
3600
462
3053
342
3913
1554
1041
16824
4508
926
6306
708
2775
1128
3876
1227
4799
835
275
6227
7521
1343
1446
5304
155
6061
625
3770
1580
5555
24665
697
527
972
932
4699
11686
1849
699
4065
6572
3797
5023
8251
4407
768
4870
4899
1537
2360
420
12741
741
2093
2796
3330
95
451
9026
2676
6188
2694
2192
4557
4232
2833
5239
3566
5096
4858
181
7845
30
2860
2210
2709
2703
5033
2537
5030
2567
4219
3309
3145
372
2476
1219
413
2244
1064
749
3608
1137
4096
5648
583
3199
2464
2463
2136
1400
1321
2374
793
2500
5706
6046
3063
3471
2695
5455
4922
6419
7376
5224
647
3633
958
2585
2926
468
5824
1729
2969
6258
2391
7656
4968
2406
168
575
7092
2277
634
957
8224
8502
5661
666
4514
64809
1185
2228
2691
1608
756
5062
1750
3609
1826
5549
6781
6245
1061
4669
2978
2956
5201
8367
10565
6260
2357
3751
5608
6915
571
950
1216
6297
6169
3141
9473
3813
4339
160
703
3737
5211
4156
6926
2532
1329
3056
2157
3157
10677
4056
8118
4316
6405
254
3849
3347
5144
5776
26629
473
4281
1208
7946
9097
2316
1358
1045
1093
1125
8939
2243
4574
1210
1304
2891
1913
8163
1466
23
2798
4524
1223
14572
7875
4512
8089
3853
5017
2814
7479
504
3640
2511
3880
2587
2423
307
1594
3551
11421
3249
143
13635
4354
5454
14114
767
8138
4615
5271
4796
2025
11071
1264
5461
1693
4455
3546
4780
9424
1106
4353
2076
3159
3219
5157
7325
2767
2061
1317
4612
1491
1221
2375
805
1584
1581
1279
2839
1520
2700
7727
2974
4719
5209
2732
3812
3755
2231
1280
3521
1838
827
16
3115
5133
3382
1766
1006
3535
6384
3100
3154
949
4087
3438
6987
5653
2044
1708
3983
206
1876
3925
1873
5598
1334
1039
3201
5152
3340
682
1451
2493
4243
4415
1204
4918
226
2171
788
1015
1117
2546
3425
6443
4292
1587
4322
2880
5645
9804
4172
5414
3907
3583
2578
1670
2599
1089
1566
4604
3408
4851
1755
6102
3895
1462
232
1380
3004
536
4190
6823
550
4214
3509
485
4277
2687
5107
7558
1487
4798
3023
4293
1048
185
7660
4081
3266
1946
12501
2558
8913
560
5246
7559
12098
2320
669
2385
2753
3714
5745
4301
74
9080
1244
8564
3146
1518
1390
2267
1704
196
3007
8273
183
1938
3081
3652
164
1799
6857
54
6588
2659
1165
3819
3950
4071
1955
3533
3650
1529
6669
2330
2935
2153
1410
2985
2813
2964
765
1166
5134
4452
3018
938
359
9016
1246
782
4047
4446
12498
1694
4276
2130
3390
535
627
3455
4033
10817
11314
5533
1479
3684
705
3320
8686
5022
954
2566
5166
4667
6573
2257
5966
3603
3954
2379
3355
16251
2855
5553
3370
3557
3562
5334
770
5831
3540
1136
4222
1519
2803
1624
2039
3386
4575
1001
3260
3894
7124
604
3152
7728
2419
1413
4430
297
626
3741
599
265
1673
3374
1533
1130
3284
1105
89
4251
4213
1775
8315
3409
2384
594
2613
2650
251
3155
6016
13373
459
4626
3565
1698
3429
2526
528
4348
2403
6466
2327
1207
4345
1733
2995
721
2035
2207
7064
5064
3108
4948
3785
5298
5098
3354
1853
52
2128
4035
1658
992
4273
3299
1281
4988
6137
5771
2991
4891
5128
13
7566
78
2541
1818
10954
4725
2916
3481
5556
1032
1667
1194
8338
17470
4215
5425
2430
3823
3088
2013
2176
1393
482
3960
10047
8195
345
2635
1036
2443
13161
10119
9517
3290
2075
3040
1259
2692
5861
555
4129
2741
3771
533
222
2069
3411
4670
672
1589
2444
3349
745
3194
1458
2407
11526
3454
608
2369
263
6049
8300
1240
3067
2177
3977
1197
3328
3288
7931
3061
4677
2288
6904
2471
61
1004
4454
760
1951
1346
1370
1592
1852
193
6854
4457
3228
787
5331
3094
7093
3619
781
1689
7151
564
13378
1892
1885
552
1187
694
896
2852
6790
399
5637
746
3397
2298
3052
1357
3230
514
3505
2806
5545
2042
4746
4498
4111
2433
6178
3396
1531
3860
3113
1570
2415
7071
3433
6539
10097
4052
10784
4010
3692
2850
2982
1362
5565
2051
4220
3611
7117
15127
6371
1016
8400
2504
6609
3097
11090
6706
1774
4598
1297
7340
6018
2015
483
1825
582
1284
3729
1803
3858
2554
876
1612
8837
4704
2326
600
5435
3383
2499
3306
1559
1063
39
3057
132
4206
393
1377
1308
2769
928
785
2759
2409
750
3147
3723
942
4660
753
3089
4429
494
184
5778
2263
579
7217
4649
200
3967
7870
5320
3171
4639
453
3158
2821
1044
5347
8821
2899
6752
11955
1976
3677
75
4816
1872
148
13351
6477
4924
1318
2141
1804
3834
2165
5381
2934
3261
2026
3321
2059
1276
1792
49
3221
3799
4672
6296
4053
990
177
10533
5124
3014
1809
10555
63653
1665
2378
4742
3596
5537
2040
388
6463
231
813
4887
3200
1300
1724
1022
