6279
195250
5684
7106
252302
1896175
1576369
1231657
2866211
406548
56
948
1043588
7913
5949
51511
1751056
1841249
2689107
1385369
44250
2686198
2377
2070686
720590
1852853
3914
59823
1513270
2202197
2883244
1917421
2015558
335929
42254
267364
88082
521
2975909
948311
7225
2448052
285107
5821
2744479
2052186
2758030
89957
1965333
390379
2824751
8407
50390
401976
1403819
337451
1892259
1286322
10212
7496
1841481
947166
130796
67365
2026888
1536772
1160509
1736316
29555
2913621
1307853
354630
1540520
418495
685454
543
33362
1213861
2844381
28779
2029
1938609
2750011
568069
6545
356145
2773299
1046
1036719
1184151
9347
976
44255
1903
2026751
28641
1224
5858
1610493
9126
2682778
2608981
57060
1637999
310781
506608
2015173
2035213
1723665
2720392
2575883
2480090
2499258
2691577
444051
1913988
1133106
6549
2712867
578462
33897
9361
47763
1930277
2024826
245188
37926
1237068
564181
386891
2893586
1710701
268505
6706
6103
2626258
517
2116544
31092
2478468
7574
2026786
2663237
413071
28443
878477
1206085
2862460
10227
1603295
2024856
2907145
1111077
28256
2419774
1809
205130
326681
321317
7054
1898104
1410381
47790
1230840
6125
2922868
2172100
34016
1747223
6564
536980
293647
2592654
300029
282301
9825
188132
1035309
1384038
649831
1500077
10181
2675298
2733863
68878
447567
1150
869250
1828605
32264
2487710
2768457
32525
1547867
6087
2785916
282685
1100700
2779370
1660131
1695997
444919
2078593
47281
41977
2806554
644
2527963
221360
2968831
67366
546874
61476
28588
1260918
42192
2769488
2810307
68260
64973
1746073
2527973
135621
39845
48698
6565
221518
882449
2044939
37448
2609666
2527969
2709798
1262795
143995
139475
2799499
1903416
197152
223472
3004097
2013765
2212473
1400979
233100
1884717
6941
2079448
90988
945768
45071
68182
2072509
8187
2126562
2731755
314230
2690315
1930593
37003
551276
2746231
2609279
188932
2905437
2681766
1797922
1234261
7215
7539
166
6289
530584
227884
1745382
109905
354439
222543
685728
566012
59628
610380
2029982
1225128
211228
404578
134602
580026
382464
1834162
9722
2703889
460086
39777
516124
2013
1843082
358707
2817044
28228
7898
186817
68888
763782
1706379
299321
103441
47866
3028117
1883
2739058
2528010
1585974
2545247
60698
1889770
2903807
630221
525897
362649
94827
220378
1163
717773
7742
6526
1736323
480070
84205
2527976
1035514
2144174
8205
9054
565685
338
7493
191
588605
1577686
208333
171605
267890
215358
241271
2528002
6239
9615
2719382
1819738
7716
209247
2026754
2839105
931101
2608357
765719
1938859
9371
1472292
708187
1086592
2605429
2069292
2996787
198618
2821091
307658
1561972
45249
60453
1684307
122277
2508211
909943
79684
1131492
79782
203682
8383
1485010
83382
1477506
1967498
2862949
1393657
340956
1907725
1746060
7719
1831
2952157
5529
2940487
2847976
2599293
2486853
7997
147545
265606
2005
104662
1998
72034
86180
2811111
147541
2528007
45133
6668
1285242
36330
9014
1544732
700344
8400
231623
12929
2983208
1912891
31
999141
337687
1843491
2652724
1519616
41088
1427391
2704072
34880
327159
6563
6282
10090
45656
55291
2900152
31033
2854184
52239
1423351
215803
7244
1463934
2614977
224372
1220188
394092
1150353
2024851
117681
38833
29053
2026771
132249
2765360
7260
2058319
690887
213849
99487
410274
1827365
2624323
2605432
2486274
121845
2979869
295417
2938122
1210091
308354
2591470
44545
1931
1848
48736
7917
186634
2072972
307507
2518993
373
242605
1903414
37567
372072
123822
659352
351614
392032
1218801
85043
1962290
189691
1847
326594
317549
6252
1849967
481883
142577
6850
2872037
416874
5141
882441
191418
7953
3075
76193
28609
904376
2903792
391037
1572043
58824
687388
1234143
7112
1463901
114742
185678
568392
1168221
27592
22
212667
402884
1116229
8287
33876
483139
1711999
1408281
334852
1314790
1178
1035515
2174846
1581705
1872427
211114
2493092
28258
28829
1144680
1868482
117893
2072
5741
1124754
48075
2026777
2807577
10224
105785
2594795
210632
41084
13191
8036
7137
3888
46729
44689
2704468
476552
9708
208443
2026762
7897
2877242
1202772
43689
580059
1077284
11118
1844469
1192854
72248
1489341
286
300028
7778
1121721
7067
42197
235986
2093792
2856853
43151
165696
7524
1792502
1918948
394095
1278207
1684789
62625
46360
569360
2681549
2530218
8103
6198
45979
6197
48463
47021
2709381
1095630
105425
100268
2854170
269536
37623
47314
313368
2795217
337963
1562372
1971
2026760
396416
49
30069
265668
513160
27675
2212850
2094193
1571157
2613922
452
2820661
2614128
7782
1048519
9597
338192
2745196
2030806
2077092
6669
6257
629358
1658616
2952571
4764
1650286
1797562
80884
2587410
2628915
1620405
1075417
68212
2721545
44544
2813651
2291815
2986822
882446
2562311
1825980
2763498
104270
1761791
1808979
290746
34504
40151
447135
933926
1948890
1077974
216463
1974580
191816
695850
52670
298657
451745
28983
9655
147828
2907159
2719023
30352
2948575
1518534
2893555
1172189
65356
2953743
61471
396811
6181
2968475
576611
2711219
410659
9992
225164
497678
1529041
39107
1960125
1122177
2527970
7830
181631
382514
2962890
61647
927661
53541
2723087
2831148
265488
2943436
2630295
1161
53972
77115
120398
1783515
404235
1564500
483545
983964
391953
215402
55169
741830
350
645133
2603856
5027
1930280
1357508
2021369
1750517
6566
2015582
2094049
1973488
2571159
185431
2026735
113562
860235
1505036
710685
29580
2933562
191863
756689
568106
2558461
280293
264148
2304571
7114
1100725
159743
29139
31958
30732
1136941
38568
6452
2053010
6329
6944
2626047
131567
41292
137591
2738135
1758374
203557
9604
1073090
105023
2893883
2618749
7399
1916082
2049433
1392246
2053489
41139
2478486
2899756
2887200
2172
5857
27482
1509431
2321114
113334
391736
110368
5809
693153
52283
1775411
111838
2033033
331517
38574
929832
8234
45131
2044944
37916
2565531
7029
44542
980251
889873
3028318
94643
1964209
1510459
1818004
2013854
2885078
47600
142585
716546
165301
1680591
35019
1643826
1485229
3018315
1649480
375764
1930273
456999
504805
2014874
2028575
2035772
882083
1802584
694270
555059
2895352
303405
34735
944491
326454
60746
2912314
1836975
1849581
29429
1736528
2952535
1714860
571912
8023
319707
27405
29447
1226757
2021391
202772
2282478
27848
516756
28890
100860
661
2758710
184922
1279
706561
1836
414004
2878561
48799
963
103725
392030
2751188
1737490
80842
91324
207599
273678
1234144
110799
7757
2033437
2795780
2495579
682798
2026739
1434255
1042311
2053013
83461
195883
43
2993317
7167
2676247
1932692
1794839
2619133
1754191
2697053
2883100
665874
8364
1929886
994573
1746062
864051
232080
137583
1844971
2637987
43146
90975
2818388
1284197
269237
24
2733862
1144522
13687
58346
2608339
79604
261477
2800819
2896848
2650471
47251
1052797
1442032
315347
246875
61235
41830
194408
5786
1047168
240495
2053589
2875540
2675851
535712
100861
1978231
2024855
165697
189622
34032
151771
150177
867726
312017
2528001
263510
2954384
2100419
2815722
434010
2717319
1839783
67801
1367973
36100
29521
2824121
2840467
1282
9859
1329961
29487
2816119
95602
32346
102285
5580
1050624
7422
55661
2906457
2024846
109293
43867
152316
51695
73025
64782
2810368
1933779
670386
1385
8022
189913
1481457
59861
2597516
321266
113560
1891644
413882
29158
2886944
379584
2851566
2596893
35752
370605
2903
2664894
228602
222
6196
36821
9977
61478
64176
160808
43742
84999
106335
42168
1690039
37727
1335626
771870
613
2800127
204038
233779
1449976
2683649
2282215
182262
2864872
10040
2819100
2991729
1444769
645
2906762
207921
7956
2011161
103944
267363
95162
6278
45954
1314788
2510645
2987525
51316
35
2720432
6448
543639
441366
5660
497964
2692836
114
2486461
2052317
524884
664693
490622
3503
138072
7737
2692189
1849968
2983210
67348
2952
1703411
36200
2812678
222545
2058625
2499143
1434086
2643310
270530
2637762
1797566
49012
1324013
3016106
1891241
46255
7395
34503
166423
349313
531310
1476959
45151
34073
433684
2127060
30522
194690
1242174
29497
285453
2639109
6334
6101
41117
356851
131310
1185412
230985
656061
1746059
7439
303371
2856823
260936
2874597
2173175
505248
7245
1844116
1178482
163714
1916293
861445
120957
2175873
2861747
48193
9838
221352
1914871
37569
134849
7173
150288
34620
4432
2903573
71814
6185
2782349
576784
1852901
2483409
158019
352869
2780075
345717
1044
2576904
2321111
2203199
1489388
8177
1641869
2231116
2282381
1447875
2762511
95178
7438
38312
34397
41705
2736
2827239
123369
324925
366534
1628157
10116
1460450
1834066
74974
598644
1550035
48727
2062
452629
81569
132473
13676
30608
256318
2116518
2682776
7274
1763883
455432
1323249
1736226
12930
71655
29362
2026740
426688
7906
1869227
2026720
2705254
386429
747294
29546
9639
3003258
266149
185978
518105
6105
2873249
37653
890399
144034
51314
294128
1250792
39700
74035
204441
630403
37925
75329
1823
154827
387890
1416806
2202249
33554
898
2052184
1798240
2093370
343691
83186
58331
2626142
41880
2053
83451
1898204
186623
1191734
348901
381445
68239
1080223
1489922
112090
2929476
224458
1796942
42275
2600580
2720446
2020330
2975881
32008
573497
180541
2053005
2026800
2961939
3032599
1907403
46429
104688
1196302
2530451
67302
1074873
1193682
2681552
204457
715340
1489913
42026
2692626
436017
6854
1890364
1938860
337480
100787
2545717
75058
2978475
1824
6692
70448
290231
1477025
80840
51315
1077944
1678841
9103
2872625
1930071
323654
82115
2605945
446
3088
2527964
224129
7222
2609290
2713176
1822
1973952
1210045
564415
8165
7456
477680
103816
1911175
168697
1137096
33097
1100726
5042
1921578
2831662
2605694
891
576137
30727
6233
9255
2714351
67575
29856
8830
1855377
29169
6945
2202890
2316722
2316732
44578
2560057
68
651
331869
119089
2499141
196109
2707337
35570
2213200
2906759
7230
502333
104431
7741
692036
64518
1834090
59894
2044511
2980090
1265
2715164
8028
2545757
980271
481459
1166482
1036611
2292771
4777
364733
1898207
2956795
215637
2795733
2213046
37621
573489
2508540
104267
156889
2576919
33057
1682393
125945
510952
2490947
51028
1754192
1470434
909626
563466
135620
32201
1868621
274493
196858
1583
2723067
2315210
33355
9973
1866885
2913620
85026
67287
1746069
1926648
57739
2528005
2576902
627444
1403320
103827
1850254
9447
1522757
299618
2697657
2901141
8005
533207
52259
9694
1495045
570281
2838156
8353
2802641
1250026
2983220
2499145
2233853
1232801
67332
2217661
53246
2750812
2896847
2618023
1268
2987524
9483
158456
1079998
186625
7740
182803
119488
1940652
2835871
1856293
79328
314256
243090
43845
2629105
231438
138118
32262
139649
86259
1329912
2943192
698986
2782655
451514
66875
197562
68246
5178
1306991
5144
585423
2675880
64791
2676438
716816
32521
423536
1079112
1974748
8167
175570
2792470
91951
2779363
2656787
6326
120017
2211647
2364996
195482
2921223
2735882
6183
7950
1854588
2742132
61421
2720714
7070
9770
2020703
75352
2838850
2511069
1286148
2079791
45677
2883123
1761906
2982028
2233999
1740262
7739
90262
2172103
2485143
1137961
1967
6643
55
34002
185696
2975862
7069
9401
137520
7102
112498
70415
6447
1639882
65656
2923279
2614577
1936029
2774145
2026779
388435
10
314146
337677
1161202
369639
1838286
2304196
374
1970608
2052159
1970500
673940
80811
412689
406334
1899355
226505
2527991
2866162
2291814
490629
2053573
29495
2304626
28216
209252
1500893
2044591
7238
192944
5025
2743469
7159
219545
103733
5806
6573
2052181
7451
37332
2497639
30195
2911537
1796610
2249475
2841845
497965
33958
1110389
522259
1764958
2729731
76804
13735
542
84725
2045208
56448
2746225
412133
119864
2675058
546365
2133952
150830
2448780
2736643
1801832
2619626
2517210
7107
2607814
2768068
1770053
1691570
572307
28610
1573714
1889
946362
332186
398843
2619320
221350
7148
32391
2907545
2699754
2975652
67352
64656
91347
93969
418101
392500
2843447
9787
98808
2608982
2576931
1045558
85471
2799498
9780
1463898
642
290318
1509279
1896202
442870
53432
2781241
8111
75743
61624
132605
2725283
3483
155417
1867952
252356
6191
28077
222544
29058
94208
333966
2303332
27706
2906763
2026759
1144327
2976697
2527999
144197
198252
941986
61156
1896203
1754190
6214
9443
2528026
77133
5861
1395955
1736578
2013562
1760
592872
34773
1597955
53362
153491
1725326
1676925
2624479
52904
54757
2738844
8030
1938618
2569479
327939
35825
2009329
286730
2991368
2697049
2784346
360086
573729
1469910
85688
186628
1797935
1314779
1208366
6579
2849650
1578
2931983
2294034
88456
80765
6102
2840846
2849666
3077
2024836
1155738
475081
2725490
2662263
114890
1117314
2028574
666
32358
56716
1851996
2823209
7462
1141647
1798316
37328
1041159
2871165
1538463
83681
2835133
202257
992267
1566289
2070
45398
157538
2026785
1784714
450425
2605748
189513
1250059
2761453
356302
449393
597456
34695
1483604
69820
1539050
9415
5516
96561
2909669
2697495
63436
8845
32443
586240
8384
4769
446660
1286976
1826168
335928
186801
265175
2587856
1117
1891926
1210884
600346
2528021
2946160
72036
688067
2719796
1986661
2072417
2975687
33882
61221
1933778
50259
2691357
90974
8790
80816
9940
2665496
68288
246167
2681879
2742796
2592090
644221
34506
1873462
2876118
2485156
1971364
29078
2026742
178035
74975
6209
43817
46913
196869
2049052
33653
238744
75365
1835
1047172
2135626
2897299
985665
121224
2711231
157072
100452
1879010
9528
60894
33340
1549675
2880
1169025
7952
203122
204891
1121393
1121001
2953739
391905
491950
2716340
8495
94253
186751
2692916
4815
147550
8459
37333
2699742
1214604
110618
419477
1531955
1437010
871652
2026801
2053591
1852899
2751884
2315456
7998
9434
2692234
418103
296199
65505
201502
8469
2292889
2135446
139723
5689
2651583
454600
40690
1165
2014871
149990
985895
6656
1406
252671
2816855
1911570
889268
5804
6604
586833
2814588
41426
6689
1904441
1904463
1797954
196821
47479
654
40988
34638
495550
2589989
1045776
455193
126793
6500
2823717
2495913
1747226
82374
1073574
61186
2631648
84724
1986198
2057184
29920
935657
1908690
28211
34765
2303152
59732
40566
186622
2878388
469
46240
1293045
106649
1239
328049
41297
1678840
10036
50429
116153
1756136
2840909
2589817
1736394
27687
2709662
7224
2986281
13616
2018661
42881
306901
3029400
2865833
2545756
7994
2907820
466153
741659
2906497
53446
2862869
2681466
28214
2508708
342230
197161
1287681
528209
1639689
2528176
1244869
54343
680683
572511
2593957
905079
2829815
2605989
455344
2099400
270498
456900
6956
2745
2258963
181472
1707706
5800
45655
2952536
583360
37326
2707335
7654
203124
1932698
1131652
2081491
65357
418985
1929291
7176
30066
1986793
300413
744979
2013763
1907575
37360
7203
2093366
3009078
2250256
871651
1470433
127582
1856294
1761793
260995
2981136
331697
1663591
78410
1284240
6337
1628268
2585198
40
41665
2951168
9305
1047005
1647413
1392248
51543
313075
83455
1203425
7888
1866936
1848322
61383
2663847
9662
2748318
472158
5742
133434
1740725
3009083
3197
40571
876270
5125
4781
28741
572480
1494466
1907202
1120755
35828
506
2997340
2995305
1095
2836182
7725
1469502
2748031
2054
3031917
318546
1461694
2212469
30503
5860
7008
2109645
232088
2979468
7588
1631477
1100706
1868325
941183
1578925
155975
1114924
2626134
109461
379068
6269
1564506
7149
70997
228596
2527990
62708
9989
7157
30023
119195
59560
1124626
2841925
237
30019
426437
2026729
351605
7115
795642
406547
1922391
7776
7111
2617518
101107
134920
28196
283735
293821
132248
2874601
1837
944322
2614688
404589
7968
298654
1945855
173559
1973478
1612173
9526
7090
283909
85007
1873
22663
56192
195108
543632
157592
84633
109678
1081103
1810919
2607602
1817870
2795974
595528
176282
1282858
1415166
2932773
5052
30459
46731
2499852
158441
2657482
2502188
2570323
1817861
327160
1278073
96803
2707348
1176177
554055
43041
1736272
2767877
1892852
1914300
2895353
5078
2055236
1907662
98403
379
2585199
97479
662
39047
5854
2900548
2976331
65502
1813
2897341
2184016
2691354
146817
1256555
2713139
1874619
1491466
2572903
204447
2983606
2608996
103730
3870
2646250
33914
1036673
7957
120956
679257
2952222
2527982
178469
426716
61621
54126
1335745
105696
5807
2894198
2849499
5658
45244
2026781
209249
1649845
104777
65499
340177
48498
139456
3026420
365046
33380
6293
2772301
944170
161355
4783
2890321
32033
3014782
42747
553611
2802976
91561
32260
13013
2320110
48865
1893
50376
480118
52560
196816
560819
34619
1234273
34597
2497863
1765722
401469
220927
50954
2996784
412755
1217969
1880
1450538
31959
626084
715989
230685
1338687
279262
40998
29159
8154
465554
1035111
2706888
69
40841
1515666
1330035
36987
242606
1517702
100897
1663
482537
502181
6683
1974749
573061
43356
2052180
1974741
6179
1508770
543379
2995223
909613
67297
32597
2609281
64977
519963
2709158
1076179
2894196
1751150
1849580
111804
1100707
1041015
390894
2530339
1125972
7145
51154
10020
664692
69291
2649241
797122
9798
1162
7213
1236
28738
2026714
133894
300112
118141
2483361
2961520
236510
943815
2026799
626
445787
2480795
58352
718015
5499
106592
33919
1081109
37989
1801912
77022
1801816
52959
2975732
2636909
382504
278856
3052
876
218467
2762512
164328
58110
204042
551
7220
171585
2836373
68270
1036723
2941519
931537
2842452
1898112
2652172
2527986
5849
8524
4792
13249
1486918
722472
1316788
478820
1732023
1958789
28181
168934
860233
2026802
2051955
1798525
8175
179676
1652106
228599
307491
7461
2709799
2782630
531938
517724
203683
2661937
2835869
424472
106412
2716338
42233
1880837
48467
2026723
80427
2707525
28000
473952
2994640
1710355
8634
2636252
135622
2877240
562729
219594
2093811
1808508
61474
696485
37001
67375
1
130795
337641
1914328
1827195
2051553
908250
9031
2777116
2908833
1883416
1621259
5455
2729730
2761500
652676
3018276
5550
741759
2735
413306
328515
2872754
2172099
134964
96440
1173701
2594798
68886
2746320
1445510
68243
2768066
425072
7130
2810562
405034
188477
415221
240159
407
674703
1489904
8475
2259036
2911172
2986835
2126553
96639
238964
2283236
1053134
121402
684658
92860
2364082
588596
2282145
44056
48073
58343
28586
376149
1219
1907313
2759
143950
115357
48465
254357
149698
1335746
37658
104452
861768
2606893
58351
857340
390989
1095194
364039
153976
7160
103372
248552
2905439
5801
1541065
35525
1314802
263140
1849718
2023130
31979
84998
2028576
2052176
947516
2036000
1471590
34717
2723666
396808
32341
27845
5884
41166
441921
2608686
207954
2815723
1501230
1955247
5833
63155
2020329
1961
3016104
222816
8082
2801333
33184
6645
2778365
1898103
48466
2607799
2528025
1797331
137584
28737
1031224
595453
1906665
35128
1798711
162171
91739
406020
1833
155177
1163406
259390
30207
7718
522889
452627
84567
2026778
191870
1616106
321614
1329950
7400
2052179
7955
29907
2081524
99883
2175907
123757
282684
170555
314293
2599640
37994
2743694
7652
2567934
2992128
321146
28985
173247
2654633
5664
1969
168477
1605990
2792791
1317116
1430130
1323731
1974746
44415
469812
117571
53388
1522760
41295
2012484
1746072
37344
2648731
2071
9261
1460289
2706124
87172
2044936
1703398
756892
1490222
467661
2814259
236234
41875
1592326
40578
930990
9263
46514
2595054
5544
175340
245042
1736349
2630922
33194
2995308
184756
43786
75485
141451
416
398673
1073253
2231649
1386
83656
2486417
2642494
206389
3917
2818505
1891238
2782176
1463856
2998079
971
75291
37546
1884367
2781243
2527978
59931
504798
2026728
1415580
1737488
310571
2714592
418104
255045
2060617
2502193
103232
53552
2528015
2707338
7240
248454
78633
31234
28072
1965592
2768839
591936
33351
1783272
218208
48
2527996
1348253
649460
8032
367110
9643
7011
1215925
1392250
2599938
2249476
30025
1100724
84159
2603899
375761
293091
1940113
1945643
697025
43355
1447943
7918
2035200
2683255
2774202
113540
215580
9601
51
58853
728
74926
1712262
1885674
2053930
2044940
2010972
2594462
156304
1758364
377629
67370
516702
6939
1094619
263910
230844
2742131
85025
621382
2975619
882800
118510
12968
1519565
657
1563681
68282
2184697
418223
2820288
2527979
2005460
6832
2024612
67339
2591606
554065
6347
43741
1798581
623744
44534
1306861
47759
186803
1166
83378
417921
364317
9835
2591008
272627
443218
30475
338584
2419777
1789439
1938851
914150
3020714
574774
2849672
1903411
2762297
2775420
67826
42434
317
228600
74068
1718947
113570
511998
5467
8128
1032476
6934
1920168
9978
1855292
186822
6247
70779
61472
88015
79923
45072
2590016
1325112
1169539
2530387
609295
299642
49495
2843195
1714848
42636
90244
2792008
6248
2038154
1535768
1250198
2970331
28229
1797927
314281
198832
9681
880535
1827
311790
2707354
40215
1348612
1321364
1854
7402
75913
748857
9716
2774352
204799
1912877
2788941
13397
8289
2884812
186626
2911517
1280684
7604
746128
257274
1763
885957
2820815
80972
42526
31271
30464
80852
1237149
325217
1286181
5466
418107
28612
1655234
1621260
51637
209246
9644
33317
7266
363408
281105
115081
515417
1566358
107709
147949
93504
850
119060
2592383
45264
260615
692418
748831
75294
1470176
6712
2752542
7211
1169474
2685277
8262
51201
442734
143999
1329800
1203257
1282883
6960
136037
7668
2478957
171436
346377
164860
305899
135651
310915
1616117
83564
2812648
265458
2994668
56723
379067
74557
34632
2268189
2052149
7674
1882747
1797561
561372
264951
68408
2926907
354080
38785
7291
7515
34816
654686
32351
2490950
1945892
2720503
2706040
6596
1344414
2026790
114398
68233
1686743
2893885
2217670
8267
2448451
2030800
28056
1871037
1904640
32353
1280
40674
2320140
37330
2231787
1408163
5850
2992127
2842303
2706058
1789762
2689095
101364
6954
53427
31989
47
37293
7217
1841868
613905
2077099
441375
2080302
109042
7065
2035199
361077
425
28444
1186
7038
109895
141711
133412
1639348
2689355
1123755
436907
7375
2601673
2834580
46835
1868283
32561
1126
2703787
270368
1761012
1751298
680
6127
210409
672
5855
3633
7227
2053634
8049
3014783
1408161
68249
515256
96468
1423773
2975874
1502749
2528023
119953
8345
582515
1977910
433720
1240361
183418
2157
64838
759272
42514
433923
69355
134984
2615112
59729
1909294
470096
68170
8445
40214
330084
378071
1797471
1126212
7010
8416
13818
2996459
1579337
2594042
2026763
9596
9925
710705
44010
2887190
135569
2738867
166361
5506
6728
2013741
2026730
1021
6201
6454
3018340
2527980
208452
2838596
2857011
1160137
673954
1912
2952223
2823684
8839
55518
296587
1437059
508464
9470
2602767
113226
2496866
2490857
1036182
2941505
148594
499548
2962043
2664684
1737403
29002
175628
2720082
1803372
1703404
574789
2026795
2764187
880536
1489793
2745202
185684
647381
1666912
34
34508
539206
8355
42156
47716
2740835
94130
8218
38775
648
455436
136468
2801030
7479
145388
630975
1263
7393
408
2831968
324833
2963955
84642
1851
1295382
202533
72045
8342
313031
684364
2755382
161013
404405
261658
2250573
2599616
2489341
32
454601
88036
1463850
1917865
63429
2814655
10029
509200
1524097
439318
67296
1912599
904
84480
920
2030808
327109
285109
1852903
2024841
391
205686
135619
13035
9913
2305508
372326
989
379532
1074
995014
53326
2598192
1489908
33392
418750
1977911
1004901
1337838
8019
34772
1110546
319348
1735272
1856297
3055
2903567
172733
741828
228601
2562581
109478
409849
7091
8090
2528013
74721
1703433
75366
244447
39638
2259865
1776957
1141884
34989
1981098
1463868
439529
403962
77166
2618356
2030810
86304
33528
2738837
2
1977087
1156394
2835867
1794810
162266
431595
129921
2301728
1169540
2028344
2984329
2259592
2026772
1882760
9823
2808963
2516559
1177
83485
1432307
1051054
858221
1840409
116092
66420
1297424
6205
2769487
2052143
589240
330153
9986
837
155976
2493669
1510150
126957
2893674
1262583
2690354
5663
2024611
7460
669
486640
7229
475
480036
2909341
2993898
1764295
61484
1932701
72105
882440
87175
1818881
29394
2340915
8478
2870713
2530388
85006
3225
980254
2203193
1381557
10047
36668
52695
997761
1930275
943816
1736218
441103
1608407
2750816
2692834
2052
6192
2593658
1894
2632669
231454
2026947
93217
573501
68287
80871
64391
8018
34072
43738
415023
2360
7234
104421
50730
44249
2908006
460826
102125
1453349
2053307
1424081
1801834
2823702
2282382
91061
2681465
175774
1855910
39122
2963937
2038396
32523
7370
81824
28743
6548
7425
1649453
1450535
83319
359359
29144
2005884
2995310
2023355
2820268
633131
2797167
485602
7374
35500
2486008
91992
5073
1914409
2267621
1940526
480035
452589
2020324
2026338
68272
70543
2026773
92637
2823705
192
2894195
1100699
929556
2787730
1854563
123368
30560
53429
44013
8825
2202339
7009
5661
30419
168631
134621
2058923
2340917
80966
165695
2527968
2905434
321325
222534
35830
768507
913107
2780383
449
2202144
225400
230361
2898432
1047088
3076
30331
307959
1797951
177199
8016
110193
1888
1329799
56313
72273
461836
151549
62624
399045
2886822
7048
1743159
285
66876
693111
454923
2625375
28095
116150
2865933
305900
1549854
1447883
278164
135614
2520507
63433
927704
2762759
2710754
8168
7936
1481894
2607506
122
27622
69332
626934
2789856
1816678
201174
1938607
31988
631055
433924
2665153
35677
2593070
2603660
13489
1313
2620835
1797957
2949
7434
2675850
558415
5820
1954172
2795564
47832
1742359
2072845
33341
2607529
507
1031538
2052139
279356
80388
2925830
1562603
43700
874455
2951
59916
1594786
1481923
2780404
1297742
2052147
2908842
2012493
2053492
661399
2908000
1758121
1934390
8010
2620434
38358
1611254
34767
478114
314145
1054996
2766473
1993
80864
2880971
2996790
2819177
183478
7164
133065
1718985
2866212
55080
1643824
2528016
8492
1849047
629360
2732067
41045
1128677
171576
1070528
2681467
1685953
2282523
858
2712864
75038
964
222440
2973217
2202734
2055235
1489872
2593676
1703933
290174
1777322
232323
1795355
55758
5825
2731619
33213
2603898
2799617
504568
1913989
479433
7868
1714849
1056816
659
2867410
173365
312019
2741323
2496871
2562279
303
85023
6333
9860
2728837
33354
2644528
1690815
644548
2878562
1610840
9696
6687
1157962
1491479
1128676
70667
441929
1781
356
40382
683158
1841610
1963758
8976
1797919
2970465
8496
2881427
39
189540
2026780
471704
884348
2692622
561572
9598
28253
8040
1529436
1802984
512314
415002
2130
1569794
2900738
2516557
5543
419612
72275
520822
890382
540061
217634
2714738
44316
50421
2512115
6465
2116385
1737510
1404429
212663
59479
8015
2211645
123899
2055944
7459
33256
1531966
1797343
58002
337730
518897
6973
10129
1842727
885580
754423
2975865
2490949
653686
504901
28198
2707349
687
1462440
58120
2593644
595434
2777977
2135448
2675053
7959
2903864
1972561
123851
44543
186802
43871
208602
6265
1408304
1293035
2184347
1971748
89050
2499237
161453
1872629
94029
1434821
1797365
46610
33562
564608
32281
3702
915328
4787
2004
65129
1538295
428564
1573173
48076
2584121
46351
1486246
2736252
641
1434886
2699202
2267246
9258
1977909
400682
2919578
33154
171627
133901
1463892
36086
2623558
246437
278860
159317
1988
2528004
1436998
432330
53365
2827238
281252
624315
32524
1955251
2116384
2975994
2906761
1027
287889
1856861
574566
171552
8486
45351
2169413
106734
230148
1392489
286706
2899220
6324
1679523
9721
519421
31243
1802022
1918945
386614
2836643
1396418
2853227
84645
3030210
8782
2340916
400727
248551
221359
2800988
2282738
41895
2741720
3068
39272
1908198
2743747
2976241
2631580
7653
27406
2613962
207598
600626
2742137
13632
43657
1515
2640945
1841598
10114
7147
204455
2813578
49546
51655
7108
1504672
2878385
77519
7226
51298
1923777
32507
6296
42495
35753
2013764
2480588
481
2303331
2954117
2074
2993560
2692907
1198245
43138
6237
2015563
2698737
2709661
7962
2898794
1762
76021
1849360
1854586
9895
2873381
1852886
2649989
13347
156630
1982324
1233460
2496818
49283
2975635
2026803
9498
1802102
2597822
1882749
1736407
410332
37516
2026724
228006
2305228
2782006
488538
1903410
74201
1865
64144
1871071
89051
47803
558553
1141874
31957
360316
2897706
1798487
48709
3004092
2685017
34395
1237626
358023
2052174
151541
114259
2587861
2030927
7200
2719313
5811
41712
133385
48464
529884
2030829
2783665
2773713
1817
249248
485918
113566
2919322
44535
3028843
309797
1380566
105231
1302712
12916
1080233
2822718
2987751
185453
2795779
76022
2026725
135487
1609968
2211665
2382165
33865
1209926
333673
2749991
136849
2933793
433405
175797
